
Result_OneShot_Fundus_BoxPlot20230713-165522.eps

PyGol
[0.562, 0.562, 0.75, 0.75],[0.812, 0.812, 0.812, 0.812],[0.688, 0.688, 0.688, 0.688],[0.875, 0.875, 0.875, 0.875],[0.875, 0.875, 0.75, 0.75]
Aleph
[0.5, 0.5],[0.688, 0.5],[0.5, 0.5],[0.688, 0.688],[0.688, 0.688]
MIL
[0.5, 0.5, 0.688, 0.688],[0.562, 0.562, 0.562, 0.562],[0.562, 0.562, 0.562, 0.562],[0.5, 0.5, 0.562, 0.562],[0.5, 0.5, 0.688, 0.688]
Toplog
[0.562, 0.688],[0.75, 0.562],[0.688, 0.812],[0.75, 0.938],[0.625, 0.688]
DT
[0.5625, 0.5],[0.375, 0.625],[0.5625, 0.4375],[0.5, 0.6875],[0.5625, 0.3125]
NB
[0.5, 0.5],[0.6875, 0.6875],[0.4375, 0.625],[0.4375, 0.5],[0.5625, 0.375]
SVM
[0.5, 0.5],[0.5625, 0.5625],[0.5, 0.625],[0.5625, 0.5],[0.5, 0.5]
Per
[0.5625, 0.375],[0.5, 0.5],[0.4375, 0.5625],[0.4375, 0.5],[0.5, 0.5]
MLP
[0.5625, 0.4375],[0.625, 0.8125],[0.5, 0.6875],[0.5625, 0.5625],[0.5625, 0.5]
LR
[0.5, 0.5],[0.5, 0.5625],[0.5625, 0.625],[0.5, 0.4375],[0.5, 0.5]
LDA
[0.75, 0.5],[0.4375, 0.75],[0.5, 0.75],[0.75, 0.6875],[0.625, 0.4375]
KNN
[0.5, 0.5],[0.5625, 0.5625],[0.5, 0.625],[0.375, 0.5],[0.5, 0.5]
RF
[0.5, 0.5],[0.625, 0.625],[0.4375, 0.6875],[0.5, 0.5625],[0.6875, 0.375]
